1.0
0.540302305868
-0.416146836547
-0.9899924966
-0.653643620864
0.283662185463
0.96017028665
0.753902254343
-0.145500033809
-0.911130261885
-0.839071529076
0.00442569798805
0.843853958732
0.90744678145
0.136737218208
-0.759687912859
-0.957659480323
-0.275163338052
0.660316708244
0.988704618187
0.408082061813
-0.547729260224
-0.999960826395
-0.532833020333
0.424179007337
0.991202811863
0.646919322329
-0.292138808734
-0.962605866314
-0.748057529689
0.154251449888
0.914742357805
0.834223360507
-0.0132767472231
-0.848570274785
-0.903692205092
-0.127963689627
0.765414051945
0.955073644047
0.26664293236
-0.666938061652
-0.987339277524
-0.399985314988
0.555113301521
0.999843308648
0.525321988818
-0.432177944885
-0.992335469151
-0.640144339469
0.300592543744
0.964966028492
0.742154196814
-0.162990780796
-0.918282786212
-0.829309832863
0.022126756262
0.853220107723
0.899866826969
0.119180135449
-0.771080222976
-0.952412980415
-0.258101635938
0.673507162324
0.985896581583
0.39185723043
-0.562453851238
-0.999647455966
-0.51776979979
0.440143022496
0.993390379722
0.633319203086
-0.309022728166
-0.967250588274
-0.736192718227
0.171717341831
0.921751269725
0.824331331108
-0.0309750317312
-0.857803093245
-0.895970946791
-0.110387243839
0.776685982022
0.949677697883
0.249540117973
-0.680023495587
-0.984376643394
-0.38369844495
0.569750334265
0.999373283695
0.510177044942
-0.448073616129
-0.994367460928
-0.62644444791
0.31742870152
0.96945936667
0.730173560995
-0.180430449291
-0.925147536596
-0.819288245291
0.0398208803931
0.862318872288
0.892004869788
0.101585703697
-0.782230889887
-0.946868010751
-0.240959049236
0.686486550907
0.982779582041
0.375509597767
-0.577002178943
-0.999020813315
-0.502544319145
0.455969104444
0.995266636217
0.619520612559
-0.32580980522
-0.971592190629
-0.7240971967
0.189129420529
0.928471320739
0.814180970527
-0.0486636092002
-0.866767091052
-0.887968906692
-0.0927762045977
0.787714512144
0.943984139152
0.23235910203
-0.69289582192
-0.981105522649
-0.367291330455
0.584208817109
0.99859007244
0.494872220403
-0.463828868852
-0.996087835141
-0.612548239496
0.334165382631
0.97364889305
0.71796410141
-0.197813574004
-0.931722361744
-0.809009906954
0.0575025253491
0.871147401032
0.883863373709
0.0839594367418
-0.793136419166
-0.941026309029
-0.223740950136
0.699250806478
0.979354596376
0.359044286891
-0.591369684144
-0.998081094819
-0.487161349803
0.471652293561
0.996830993362
0.605527874987
-0.342494779116
-0.975629312795
-0.711774755636
0.206482229338
0.9349004049
0.803775459711
-0.0663369363356
-0.875459459044
-0.879688592495
-0.0751360908984
0.798496186163
0.937994752119
0.215105268762
-0.705551006686
-0.977526940403
-0.350769113209
0.598484219014
0.997493920327
0.47941231147
-0.479438765629
-0.997496052654
-0.598460069058
0.35079734209
0.977533294706
0.705529644294
-0.215134707365
-0.938005201217
-0.798478038903
0.0751661500082
0.879702927248
0.875444890134
0.0663068583517
-0.80379339321
-0.934889705937
-0.206452734491
0.711795928941
0.975622697919
0.342466457746
-0.605551864315
-0.996828594969
-0.47162571252
0.487187675007
0.998082960914
0.591345375452
-0.359072421072
-0.979360689609
-0.699229256673
0.223770330187
0.941036507443
0.793118059568
-0.0839894746226
-0.883877473182
-0.871132599108
-0.0574724308477
0.809027625286
0.931711413754
0.197784025224
-0.71798508397
-0.973642018119
-0.33413697099
0.612572066316
0.996085170872
0.46380216301
-0.494898414589
-0.998591672157
-0.584184351585
0.36731936773
0.981111354334
0.69287408639
-0.232388421229
-0.943994086083
-0.787695941645
0.0928062188959
0.887982769782
0.866752057273
0.048633500539
-0.814198472305
-0.928460124581
-0.18909982013
0.72411798687
0.971585056183
0.325781305535
-0.619544275004
-0.995263706279
-0.455942275895
0.502570380261
0.999022146528
0.576977558503
-0.375537535941
-0.982785151721
-0.686464631355
0.240988305285
0.94687770542
0.782212109942
-0.101615692061
-0.892018495408
-0.862303607831
-0.0397907599312
0.819305529145
0.925136093146
0.180400799593
-0.730194157146
-0.969451973267
-0.317400116024
0.626467944126
0.994364265551
0.448046666974
-0.510202970946
-0.9993743503
-0.569725560839
0.383726281833
0.984381950633
0.68000139373
-0.24956930858
-0.94968713953
-0.776666994102
0.11041720392
0.895984333873
0.857787599307
0.0309449018283
-0.824348395682
-0.921739579879
-0.171687645156
0.736213118746
0.967242936493
0.308994059098
-0.633342531233
-0.993386919157
-0.440115954847
0.517795588651
0.99964825588
0.562428926767
-0.391884963842
-0.985901625964
-0.673484879893
0.258130758816
0.952422168302
0.77106102857
-0.119210064899
-0.899879974465
-0.853204385517
-0.0220966192787
0.829326676821
0.918270850887
0.162961039471
-0.742174400102
-0.964958118933
-0.30056379335
0.640167497718
0.992331743668
0.432150760862
-0.525347638516
-0.999843841807
-0.555088227957
0.400012942756
0.987344058653
0.666915600395
-0.266671985227
-0.955082577453
-0.765394652557
0.127993586101
0.903705111971
0.848554325544
0.0132466055206
-0.834239982528
-0.914730177935
-0.154221666243
0.748077534163
0.962597699596
0.292109979267
-0.646942308866
-0.991198821755
-0.42415170907
0.532858528858
0.999961092757
0.547704039532
-0.408109581772
-0.988709135689
-0.660294069919
0.275192318632
0.957668158548
0.759668310007
-0.136767079364
-0.907459446702
-0.843837783705
-0.0043955539279
0.83908792786
0.911117838425
0.145470210178
-0.753922058437
-0.960161863415
-0.283633279182
0.653666433888
0.989988242179
0.416119426175
-0.540327671221
-0.999999999546
-0.540276940024
0.416174246541
0.989996750122
0.653620807245
-0.283691091487
-0.960178709014
-0.753882449565
0.145529857307
0.911142684516
0.839055129531
-0.00445584204418
-0.843870132993
-0.907434115374
-0.136707356928
0.75970751502
0.957650801229
0.275134357221
-0.660339345969
-0.988700099786
-0.408054541484
0.547754480419
0.999960559123
0.532807511324
-0.424206305218
-0.991206801071
-0.646896335203
0.292167637935
0.962614032156
0.748037524535
-0.154281233392
-0.914754536842
-0.834206737727
0.0133068889135
0.848586223255
0.903679297391
0.127933793037
-0.765433450638
-0.955064709774
-0.26661387925
0.666960522304
0.987334495497
0.399957686857
-0.55513837458
-0.99984277458
-0.525296338643
0.432205128515
0.992339193732
0.640121180638
-0.300621293864
-0.964973937174
-0.742133992851
0.163020521972
0.918294720703
0.829292988152
-0.0221568932251
-0.853235829153
-0.899853678656
-0.119150205891
0.771099416681
0.952403791663
0.258072512826
-0.673529444142
-0.985891536305
-0.391829496662
0.562478775199
0.999646655145
0.517744010458
-0.440170089745
-0.993393839385
-0.633295874364
0.309051396953
0.967258239176
0.73617231704
-0.17174703835
-0.921762958733
-0.824314265784
0.031005161606
0.857818586403
0.895957558895
0.110357283658
-0.776704969235
-0.949668255372
-0.249510927139
0.680045596826
0.984371335261
0.383670607718
-0.569775107174
-0.999372216182
-0.510151118474
0.448100564877
0.994370655401
0.626420951125
-0.317457286727
-0.969466759192
-0.730152964181
0.180460098826
0.925158979206
0.819270960693
-0.0398510008189
-0.862334135961
-0.891991243358
-0.10155571524
0.782249669121
0.946858315222
0.240929792968
-0.686508469836
-0.982774011469
-0.375481659252
0.577026798859
0.999019479194
0.502518257573
-0.455995932579
-0.995269565251
-0.619496949552
0.325838304609
0.971599324192
0.724076405873
-0.189159020756
-0.928482516054
-0.814163468008
0.0486937178171
0.866782124044
0.887955042795
0.0927461902151
-0.787733081928
-0.943974191363
-0.23232978262
0.692917556821
0.981099690073
0.367263292845
-0.584233282103
-0.998588471816
-0.494846025768
0.463855574272
0.996090498506
0.61252441212
-0.334193793968
-0.973655767095
-0.717943118199
0.197843122605
0.931733308886
0.808992187886
-0.0575326197983
-0.871162202165
-0.883849273431
-0.0839293987848
0.793154778044
0.94101610976
0.223711569881
-0.699272355648
-0.979348502254
-0.359016152384
0.5913939923
0.998079227817
0.487135024157
-0.471678874174
-0.996833390848
-0.605503885109
0.342523100175
0.975635926784
0.711753581684
-0.206511723997
-0.934911103013
-0.803757525482
0.0663670142593
0.875474027158
0.879674256943
0.0751060317202
-0.798514332696
-0.93798430217
-0.215075829964
0.705572368437
0.977520585211
0.350740884009
-0.598508368427
-0.997491787094
-0.479385856876
0.479465219352
0.997498184075
0.598435918558
-0.350825570653
-0.97753964812
-0.705508281261
0.215164145772
0.938015649462
0.798459890918
-0.0751962090497
-0.879717261202
-0.875430320429
-0.0662767803075
0.803811325978
0.934879006125
0.206423239456
-0.711817101599
-0.975616082157
-0.342438136064
0.605575853092
0.996826195671
0.47159913105
-0.487213999768
-0.998084826102
-0.591321066222
0.359100554926
0.979366781951
0.699207706232
-0.223799710035
-0.941046705002
-0.793099699249
0.084019512427
0.883891571853
0.871117796392
0.057442336294
-0.809045342884
-0.931700464918
-0.197754476263
0.718006065877
0.973635142304
0.334108559046
-0.612595892579
-0.996082505697
-0.463775456748
0.494924608326
0.998593270966
0.584159885529
-0.367347404672
-0.981117185127
-0.69285235023
0.232417740216
0.944004032157
0.78767737043
-0.0928362331098
-0.887996632065
-0.866737022706
-0.0486033918336
0.814215973344
0.928448927579
0.189070219559
-0.724138776381
-0.971577920854
-0.325752805554
0.619567936886
0.995260775437
0.455915446932
-0.502596440921
-0.999023478833
-0.576952937539
0.375565473774
0.982790720508
0.686442711178
-0.241017561115
-0.946887399229
-0.782193329287
0.101645680333
0.892032120217
0.862288342591
0.039760639433
-0.819322812254
-0.925124648855
-0.18037114973
0.730214752633
0.969444578983
0.317371530239
-0.626491439773
-0.994361069271
-0.448019717412
0.510228896487
0.999375415997
0.569700786895
-0.383754118368
-0.984387256976
-0.679979291255
0.249598498961
0.949696580315
0.776648005478
-0.1104471639
-0.895997720141
-0.85777210459
-0.0309147718973
0.824365459507
0.921727889196
0.171657948325
-0.736233518595
-0.967235283834
-0.308965389749
0.633365858804
0.993383457689
0.440088886798
-0.517821377042
-0.999649054884
-0.562404001784
0.391912696897
0.98590666945
0.673462596851
-0.25815988146
-0.952431355322
-0.771041833464
0.11923999424
0.899893121143
0.853188662537
0.0220664822753
-0.829343520025
-0.918258914728
-0.162931297998
0.742194602715
0.964950208498
0.300535042683
-0.640190655386
-0.992328017284
-0.432123576446
0.525373287736
0.999844374057
0.555063153888
-0.40004057016
-0.987348838885
-0.666893138531
0.266701037853
0.95509150999
0.765375252473
-0.128023482459
-0.903718018029
-0.848538375532
-0.0132164638061
0.834256603792
0.914717997235
0.154191882458
-0.748097537958
-0.962589532005
-0.292081149535
0.646965294816
0.991194830746
0.424124410418
-0.532884036899
-0.999961358211
-0.547678818342
0.40813710136
0.988713652293
0.660271430994
-0.275221298963
-0.957676835902
-0.759648706465
0.136796940396
0.907472111128
0.843821607912
0.00436540986375
-0.839104325881
-0.911105414138
-0.145440386415
0.753941861846
0.960153439306
0.283604372643
-0.653689246319
-0.989983986858
-0.416092015425
0.540353036084
0.999999998183
0.540251573689
-0.416201656157
-0.990001002744
-0.653597993032
0.283719997252
0.960187130504
0.753862644101
-0.145559680673
-0.911155106319
-0.839038729222
0.00448598609626
0.843886306486
0.907421448474
0.136677495523
-0.759727116491
-0.957642121264
-0.27510537614
0.660361983094
0.988695580487
0.408027020783
-0.547779700115
-0.999960290943
-0.532782001831
0.424233602714
0.991210789378
0.64687334749
-0.292196466871
-0.962622197124
-0.748017518701
0.154311016756
0.914766715049
0.834190114189
-0.0133370305918
-0.848602170953
-0.90366638887
-0.12790389633
0.765452848636
0.955055774633
0.266584825898
-0.666982982349
-0.987329712574
-0.399930058363
0.555163447135
0.999842239604
0.52527068799
-0.432232311753
-0.992342917411
-0.640098021226
0.300650043711
0.964981844979
0.742113788215
-0.163050263001
-0.918306654359
-0.829276142687
0.0221870301682
0.853251549807
0.899840529525
0.119120276224
-0.771118609685
-0.952394602046
-0.258043389478
0.673551725348
0.985886490132
0.391801762537
-0.562503698648
-0.999645853415
-0.517718220655
0.440197156595
0.993397298145
0.633272545067
-0.30908006546
-0.967265889198
-0.736151915183
0.171776734713
0.921774646903
0.824297199712
-0.0310352914526
-0.857834078782
-0.895944170184
-0.110327323377
0.776723955743
0.949658811998
0.249481736079
-0.680067697448
-0.984366026234
-0.383642770137
0.569799879564
0.999371147761
0.510125191542
-0.448127513217
-0.994373848971
-0.626397453771
0.317485871647
0.969474150833
0.730132366703
-0.180489748196
-0.925170420975
-0.819253675351
0.0398811212085
0.86234939885
0.891977616117
0.101525726691
-0.782268447644
-0.946848618832
-0.240900536481
0.68653038814
0.982768440003
0.375453720396
-0.57705141825
-0.999018144165
-0.502492195543
0.4560227603
0.99527249338
0.619473285981
-0.325866803701
-0.971606456872
-0.724055614388
0.189188620812
0.928493710525
0.81414596475
-0.0487238263898
-0.866797156248
-0.887941178091
-0.0927161757483
0.787751650995
0.943964242717
0.232300462999
-0.692939291092
-0.981093856606
-0.367235254902
0.584257746566
0.998586870284
0.494819830682
-0.46388227927
-0.996093160965
-0.612500584187
0.334222205001
0.973662640256
0.717922134335
-0.197872671026
-0.931744255182
-0.808974468083
0.0575627141953
0.871177002506
0.883835172351
0.0838993607516
-0.793173136201
-0.941005909636
-0.223682189422
0.699293904183
0.979342407242
0.358988017551
-0.591418299918
-0.998077359908
-0.487108698068
0.471705454358
0.996835787429
0.605479894681
-0.342551420923
-0.975642539887
-0.711732407085
0.206541218469
0.934921800276
0.803739590522
-0.0663970921226
-0.875488594476
-0.879659920591
-0.0750759724739
0.798532478505
0.937973851367
0.215046390971
-0.705593729547
-0.977514229132
-0.35071265449
0.598532517295
0.997489652954
0.479359401846
-0.47949167264
-0.99750031459
-0.598411767514
0.350853798897
0.977546000647
0.705486917587
-0.215193583983
-0.938026096855
-0.798441742207
0.0752262680229
0.879731594357
0.875415749929
0.0662467022032
-0.803829258016
-0.934868305464
-0.206393744234
0.711838273611
0.975609465508
0.342409814071
-0.605599841319
-0.996823795467
-0.471572549151
0.487240324086
0.998086690383
0.591296756454
-0.359128688454
-0.979372873404
-0.699186155156
0.22382908968
0.941056901705
0.793081338209
-0.084049550155
-0.883905669721
-0.871102992885
-0.0574122416881
0.809063059747
0.931689515236
0.197724927123
-0.718027047131
-0.973628265605
-0.334080146798
0.612619718285
0.996079839617
0.463748750063
-0.494950801612
-0.998594868868
-0.584135418943
0.36737544128
0.981123015028
0.69283061344
-0.232447058993
-0.944013977372
-0.787658798499
0.0928662472393
0.888010493541
0.866721987351
0.048573283084
-0.814233473643
-0.928437729733
-0.189040618816
0.724159565235
0.971570784642
0.325724305277
-0.619591598205
-0.99525784369
-0.455888617554
0.502622501123
0.99902481023
0.57692831605
-0.375593411265
-0.982796288401
-0.686420790379
0.241046816726
0.946897092177
0.78217454792
-0.101675668512
-0.892045744216
-0.862273076567
-0.0397305188988
0.819340094619
0.925113203724
0.180341499704
-0.730235347457
-0.969437183818
-0.317342944166
0.626514934851
0.994357872087
0.447992767443
-0.510254821564
-0.999376480785
-0.569676012434
0.383781954554
0.984392562426
0.679957188162
-0.249627689114
-0.949706020237
-0.776629016147
0.11047712378
0.896011105595
0.857756609093
0.0308846419381
-0.824382522583
-0.921716197676
-0.171628251338
0.736253917776
0.967227630295
0.30893672012
-0.633389185799
-0.993379995318
-0.440061818348
0.517847164962
0.999649852981
0.562379076291
-0.391940429597
-0.985911712039
-0.673440313197
0.258189003869
0.952440541478
0.771022637656
-0.119269923473
-0.899906267003
-0.853172938781
-0.0220363452519
0.829360362476
0.918246977734
0.162901556377
-0.742214804654
-0.964942297185
-0.300506291744
0.640213812471
0.992324289998
0.432096391638
-0.525398936479
-0.999844905399
-0.555038079316
0.400068197201
